Default,1,NA
1,Head,Default,0,0,0,0,0,0,0,0,0,1,1,1
1,Default,1000,0,1,1,0,0,0,0,1,2,1
1,Default,2000,0,0,0,0,0,0,0,4,3,1
1,Default,3000,0,-1,1,1,0,0,0,1,4,1
1,Default,4000,0,0,0,0,0,0,0,0,3,1
1,Default,5000,0,0,1,-1,0,0,0,1,-2,1
1,Default,6000,0,0,0,0,0,0,0,1,1,1
2,Hat,Default,1,0,0,0,1,0,0,0,0,1,1,1
2,Default,2000,0,0,1,0,0,0,5,1,1,1
2,Default,3000,0,0,1,0,0,0,0,1,1,1
2,Default,4000,0,0,1,0,0,0,-5,1,1,1
2,Default,5000,0,0,1,0,0,0,0,1,1,1
3,HatTopper,Default,2,0,0,0,1,0,45,0,0,1,2,1
3,Default,2000,0,-0.15,1,0,0,60,0,1,4,1
3,Default,3000,0,0,1,0,90,0,0,1,2,1
3,Default,4000,0,0.15,1,60,0,0,0,1,4,1
3,Default,5000,0,0,1,0,45,0,0,1,2,1